38 10 48
40 59 99
20 79 99
16 30 46
12 75 87
18 26 44
55 19 74
11 30 41
72 24 96
15 57 72
58 40 98
19 75 94
33 25 58
12 12 24
8 3 11
36 3 39
22 12 34
22 56 78
2 53 55
47 11 58
14 33 47
46 29 75
8 2 10
14 36 50
47 2 49
46 19 65
36 33 69
33 35 68
48 47 95
35 26 61
25 12 37
6 8 14
27 14 41
74 18 92
7 33 40
54 9 63
1 23 24
1 2 3
8 32 40
5 94 99
3 10 13
8 61 69
50 45 95
2 12 14
27 22 49
11 12 23
66 20 86
68 29 97
9 14 23
6 10 16
12 14 26
81 12 93
38 4 42
53 11 64
9 18 27
49 0 49
58 20 78
35 60 95
67 17 84
8 55 63
14 4 18
56 7 63
73 14 87
8 69 77
32 25 57
37 26 63
8 76 84
1 63 64
61 38 99
85 14 99
86 0 86
80 20 100
27 21 48
29 39 68
71 0 71
53 6 59
43 32 75
25 26 51
67 25 92
3 50 53
73 7 80
38 53 91
7 52 59
8 77 85
2 48 50
49 27 76
28 24 52
57 34 91
72 0 72
36 0 36
78 18 96
7 88 95
16 5 21
12 26 38
2 52 54
12 1 13
53 45 98
68 4 72
47 39 86
38 32 70
22 11 33
4 65 69
9 4 13
13 0 13
53 34 87
24 65 89
50 14 64
76 21 97
85 3 88
93 3 96
0 56 56
6 28 34
37 14 51
26 69 95
0 17 17
21 26 47
4 50 54
45 8 53
43 15 58
27 72 99
51 18 69
43 46 89
86 12 98
18 9 27
47 9 56
27 54 81
32 52 84
43 11 54
32 10 42
16 57 73
9 90 99
32 38 70
15 69 84
42 2 44
4 36 40
29 11 40
15 0 15
10 17 27
26 30 56
16 34 50
20 73 93
36 23 59
19 46 65
0 24 24
34 29 63
21 39 60
10 1 11
12 10 22
40 28 68
8 16 24
8 9 17
17 65 82
37 20 57
43 35 78
0 25 25
32 28 60
19 64 83
7 25 32
32 0 32
49 24 73
27 65 92
20 3 23
55 8 63
66 18 84
54 0 54
30 11 41
21 36 57
63 11 74
21 10 31
18 30 48
13 23 36
49 46 95
37 62 99
35 34 69
20 62 82
33 9 42
15 21 36
8 83 91
7 41 48
66 32 98
57 41 98
52 25 77
37 2 39
11 19 30
14 5 19
0 13 13
7 60 67
66 1 67
35 25 60
20 8 28
64 19 83
4 39 43
37 18 55
26 12 38
4 5 9
36 22 58
10 44 54
23 43 66
0 4 4
55 13 68
1 12 13
66 29 95
14 71 85
4 26 30
3 26 29
1 53 54
22 35 57
9 60 69
27 15 42
55 6 61
57 29 86
4 81 85
10 34 44
39 23 62
17 63 80
15 42 57
8 5 13
5 51 56
76 19 95
26 41 67
16 44 60
12 38 50
26 56 82
42 40 82
22 40 62
5 7 12
11 82 93
10 27 37
94 1 95
53 5 58
10 29 39
7 24 31
46 42 88
20 5 25
7 31 38
39 19 58
66 2 68
18 16 34
49 36 85
50 46 96
10 86 96
40 52 92
88 4 92
24 41 65
7 64 71
19 1 20
83 16 99
5 40 45
32 2 34
26 9 35
24 20 44
55 4 59
82 3 85
41 31 72
25 14 39
26 22 48
27 47 74
24 23 47
27 20 47
19 0 19
80 19 99
36 18 54
35 2 37
43 8 51
24 38 62
26 51 77
14 20 34
10 32 42
17 28 45
23 62 85
27 34 61
24 10 34
59 5 64
19 7 26
25 18 43
23 45 68
14 15 29
2 6 8
28 41 69
0 46 46
7 54 61
31 32 63
70 8 78
21 5 26
0 69 69
5 6 11
33 16 49
19 24 43
21 52 73
31 54 85
47 38 85
0 22 22
13 50 63
53 13 66
13 11 24
9 59 68
1 73 74
8 17 25
3 58 61
3 76 79
12 36 48
38 2 40
45 6 51
53 9 62
4 92 96
35 50 85
25 0 25
55 21 76
24 53 77
40 49 89
30 17 47
0 29 29
0 6 6
4 95 99
20 23 43
17 6 23
8 31 39
55 2 57
38 0 38
19 5 24
31 9 40
30 5 35
1 1 2
25 72 97
42 56 98
6 20 26
27 58 85
21 53 74
0 50 50
9 25 34
28 47 75
24 30 54
19 8 27
34 46 80
78 2 80
22 10 32
23 2 25
74 14 88
10 12 22
7 2 9
73 16 89
14 8 22
61 16 77
78 3 81
61 26 87
5 19 24
69 5 74
3 44 47
12 30 42
10 73 83
33 2 35
54 40 94
17 10 27
74 12 86
37 34 71
63 26 89
68 15 83
40 4 44
6 0 6
50 29 79
11 38 49
33 14 47
20 39 59
16 29 45
20 20 40
5 8 13
10 4 14
5 33 38
34 63 97
6 3 9
35 3 38
19 12 31
3 72 75
75 13 88
87 1 88
10 77 87
38 45 83
9 24 33
48 28 76
4 9 13
86 2 88
16 37 53
36 30 66
6 23 29
50 27 77
30 13 43
8 49 57
11 55 66
0 30 30
55 28 83
44 33 77
3 21 24
36 32 68
15 2 17
15 20 35
19 42 61
19 9 28
80 11 91
6 49 55
18 6 24
3 65 68
62 38 100
11 35 46
19 14 33
19 66 85
34 45 79
19 25 44
10 63 73
6 5 11
4 58 62
38 15 53
10 82 92
2 0 2
33 12 45
5 14 19
39 33 72
16 3 19
47 22 69
62 15 77
3 2 5
3 73 76
78 17 95
58 3 61
26 17 43
15 32 47
60 7 67
23 22 45
7 61 68
2 8 10
48 14 62
18 13 31
5 20 25
47 33 80
56 35 91
13 67 80
27 44 71
34 21 55
40 13 53
64 31 95
22 41 63
32 61 93
28 62 90
15 56 71
57 23 80
23 31 54
12 24 36
26 18 44
11 58 69
61 17 78
6 4 10
20 11 31
71 9 80
53 26 79
4 3 7
4 14 18
6 21 27
0 8 8
62 26 88
6 15 21
18 3 21
13 86 99
16 27 43
19 26 45
46 24 70
25 10 35
6 65 71
8 79 87
0 11 11
1 4 5
11 77 88
42 32 74
47 4 51
6 40 46
26 45 71
24 42 66
18 34 52
20 33 53
13 37 50
7 82 89
2 73 75
54 1 55
43 10 53
32 13 45
58 26 84
33 6 39
0 2 2
40 30 70
22 2 24
15 53 68
41 10 51
47 12 59
33 54 87
8 20 28
45 7 52
43 1 44
31 18 49
13 35 48
9 12 21
79 17 96
50 17 67
10 49 59
7 17 24
6 1 7
5 74 79
7 5 12
7 6 13
56 38 94
21 69 90
63 12 75
44 35 79
62 5 67
18 31 49
50 21 71
34 20 54
24 37 61
13 54 67
10 33 43
38 1 39
49 28 77
73 1 74
13 51 64
80 0 80
1 26 27
15 41 56
20 68 88
53 16 69
40 54 94
3 23 26
22 21 43
9 1 10
46 32 78
25 41 66
11 83 94
41 41 82
35 58 93
12 7 19
3 9 12
3 79 82
41 53 94
14 17 31
15 30 45
22 3 25
30 53 83
36 42 78
16 82 98
41 40 81
9 22 31
53 42 95
52 5 57
64 23 87
3 33 36
26 50 76
69 17 86
4 7 11
24 22 46
79 10 89
57 24 81
33 19 52
59 28 87
76 3 79
29 67 96
27 0 27
56 31 87
52 36 88
40 5 45
4 44 48
4 49 53
5 34 39
73 10 83
8 15 23
21 17 38
22 4 26
38 28 66
16 2 18
51 33 84
40 20 60
12 53 65
23 33 56
58 23 81
37 4 41
13 44 57
11 88 99
29 0 29
4 13 17
5 25 30
74 20 94
24 24 48
11 11 22
17 59 76
24 19 43
37 29 66
11 26 37
23 32 55
1 3 4
4 18 22
44 41 85
61 18 79
27 68 95
61 15 76
46 20 66
57 4 61
31 51 82
8 58 66
3 77 80
34 4 38
7 35 42
70 17 87
29 46 75
41 28 69
26 28 54
25 56 81
16 51 67
9 23 32
29 26 55
87 4 91
16 38 54
44 38 82
34 65 99
93 1 94
9 10 19
38 8 46
9 38 47
57 8 65
30 20 50
11 14 25
4 70 74
8 84 92
1 52 53
43 0 43
9 37 46
28 48 76
43 29 72
67 5 72
5 32 37
66 0 66
22 36 58
4 0 4
41 16 57
0 33 33
10 21 31
41 9 50
0 1 1
74 5 79
16 64 80
3 71 74
39 59 98
18 40 58
88 0 88
33 53 86
9 3 12
5 13 18
71 11 82
3 63 66
3 6 9
13 19 32
38 38 76
36 53 89
9 26 35
3 46 49
42 55 97
5 11 16
30 9 39
22 45 67
48 18 66
14 2 16
1 22 23
3 22 25
14 10 24
2 2 4
9 41 50
13 2 15
34 13 47
19 6 25
8 23 31
66 8 74
29 35 64
55 31 86
4 25 29
44 11 55
61 37 98
5 22 27
9 8 17
14 41 55
10 35 45
0 10 10
1 62 63
7 15 22
60 20 80
9 30 39
41 43 84
69 15 84
45 41 86
4 33 37
0 38 38
38 44 82
55 14 69
56 21 77
48 48 96
59 18 77
16 18 34
3 3 6
32 40 72
8 42 50
65 30 95
44 8 52
24 0 24
40 57 97
1 77 78
0 87 87
4 6 10
22 9 31
34 15 49
45 3 48
73 6 79
27 48 75
6 56 62
3 25 28
37 22 59
21 28 49
18 0 18
32 26 58
26 39 65
3 8 11
42 38 80
65 15 80
32 5 37
7 53 60
34 39 73
14 74 88
29 40 69
15 18 33
68 9 77
12 18 30
17 41 58
47 19 66
34 49 83
28 11 39
54 25 79
0 44 44
7 44 51
14 21 35
64 15 79
0 7 7
24 47 71
32 66 98
13 1 14
34 1 35
65 20 85
42 12 54
14 14 28
26 36 62
26 53 79
12 23 35
24 72 96
30 6 36
28 25 53
23 61 84
16 1 17
22 19 41
0 59 59
60 4 64
0 18 18
58 18 76
15 81 96
19 62 81
28 7 35
51 23 74
16 6 22
5 90 95
31 60 91
71 5 76
0 100 100
38 7 45
55 37 92
18 17 35
40 36 76
35 65 100
18 33 51
43 41 84
37 3 40
56 30 86
31 42 73
19 17 36
58 24 82
31 34 65
62 28 90
2 5 7
21 0 21
54 3 57
49 19 68
24 40 64
15 13 28
4 38 42
82 2 84
64 22 86
26 16 42
13 4 17
0 71 71
70 1 71
21 1 22
16 54 70
8 4 12
42 15 57
26 70 96
47 5 52
33 58 91
62 2 64
22 72 94
7 3 10
50 44 94
26 48 74
84 6 90
17 4 21
59 14 73
11 18 29
66 10 76
27 30 57
9 7 16
20 45 65
55 34 89
73 11 84
12 82 94
10 74 84
41 15 56
9 64 73
63 0 63
49 11 60
19 29 48
25 46 71
28 14 42
6 11 17
80 1 81
15 85 100
5 23 28
23 5 28
64 20 84
27 16 43
3 75 78
24 45 69
12 74 86
31 14 45
35 64 99
46 17 63
10 24 34
0 63 63
3 43 46
38 19 57
13 22 35
24 5 29
6 27 33
64 5 69
42 34 76
13 63 76
22 7 29
8 59 67
40 0 40
30 35 65
14 65 79
3 32 35
54 37 91
15 62 77
1 25 26
42 16 58
2 19 21
56 2 58
5 12 17
1 82 83
26 3 29
23 38 61
32 20 52
28 44 72
34 3 37
46 0 46
12 65 77
85 6 91
36 37 73
17 11 28
24 66 90
51 39 90
4 20 24
22 13 35
9 78 87
16 46 62
30 62 92
39 58 97
45 13 58
91 9 100
53 0 53
26 38 64
68 2 70
17 54 71
69 2 71
11 74 85
20 14 34
31 12 43
28 71 99
58 36 94
73 20 93
18 25 43
23 34 57
40 6 46
53 17 70
28 21 49
17 49 66
16 50 66
37 15 52
91 4 95
11 1 12
24 29 53
37 49 86
39 14 53
11 7 18
46 27 73
60 23 83
23 49 72
41 19 60
70 15 85
63 3 66
37 58 95
35 6 41
12 35 47
64 1 65
25 42 67
12 77 89
36 64 100
31 22 53
6 30 36
23 70 93
24 4 28
21 12 33
1 0 1
3 7 10
1 11 12
31 33 64
35 24 59
15 70 85
19 22 41
47 27 74
0 35 35
11 42 53
6 85 91
26 66 92
26 55 81
38 3 41
6 7 13
8 27 35
20 6 26
15 40 55
0 20 20
16 83 99
6 35 41
87 8 95
42 3 45
11 34 45
43 23 66
37 39 76
55 27 82
25 69 94
51 30 81
15 15 30
0 52 52
21 16 37
21 71 92
24 3 27
79 16 95
27 67 94
10 81 91
11 10 21
20 9 29
35 51 86
16 17 33
23 17 40
4 12 16
56 37 93
4 86 90
10 10 20
0 14 14
80 12 92
30 33 63
14 46 60
34 34 68
22 64 86
29 12 41
18 5 23
43 40 83
43 57 100
33 3 36
1 8 9
29 66 95
35 33 68
8 50 58
11 6 17
22 73 95
15 63 78
17 7 24
46 43 89
30 26 56
14 39 53
7 19 26
39 11 50
18 14 32
4 59 63
12 41 53
39 5 44
23 8 31
8 35 43
4 8 12
1 37 38
3 12 15
6 77 83
23 15 38
73 21 94
1 69 70
6 32 38
21 51 72
42 9 51
5 44 49
60 10 70
5 0 5
8 41 49
55 35 90
78 6 84
30 10 40
3 49 52
52 7 59
9 89 98
79 14 93
19 34 53
54 17 71
38 14 52
70 9 79
3 86 89
10 23 33
4 66 70
1 35 36
26 20 46
17 82 99
30 36 66
43 6 49
55 39 94
39 46 85
11 17 28
23 46 69
56 43 99
67 6 73
53 43 96
62 29 91
4 51 55
9 13 22
11 25 36
41 32 73
7 87 94
1 24 25
17 5 22
29 14 43
6 33 39
14 31 45
32 19 51
40 8 48
59 41 100
71 3 74
1 89 90
34 60 94
19 81 100
49 8 57
26 10 36
17 21 38
58 25 83
55 7 62
20 13 33
21 19 40
33 55 88
49 9 58
41 0 41
26 6 32
2 40 42
1 66 67
21 68 89
82 1 83
31 8 39
39 2 41
84 16 100
13 3 16
29 3 32
44 21 65
24 8 32
2 4 6
12 40 52
21 48 69
56 33 89
4 62 66
28 17 45
6 34 40
15 5 20
20 4 24
35 41 76
23 72 95
8 7 15
53 32 85
44 27 71
46 7 53
75 5 80
25 20 45
0 85 85
31 0 31
22 16 38
53 3 56
75 6 81
16 39 55
24 27 51
87 3 90
52 28 80
28 16 44
14 6 20
7 45 52
68 18 86
80 2 82
54 42 96
7 40 47
38 13 51
4 60 64
13 15 28
37 31 68
73 4 77
66 13 79
5 65 70
12 39 51
14 30 44
56 3 59
16 26 42
4 2 6
59 30 89
17 34 51
70 5 75
11 3 14
72 12 84
64 24 88
6 39 45
45 29 74
25 52 77
7 0 7
4 15 19
33 57 90
0 3 3
10 2 12
12 58 70
2 59 61
53 29 82
21 18 39
11 33 44
54 2 56
13 68 81
87 13 100
22 18 40
90 8 98
74 4 78
37 35 72
28 33 61
35 45 80
45 27 72
27 49 76
14 16 30
68 12 80
18 53 71
3 47 50
33 43 76
63 16 79
52 14 66
18 73 91
13 12 25
29 47 76
13 32 45
82 7 89
9 17 26
23 16 39
8 21 29
26 42 68
47 23 70
58 8 66
44 1 45
3 5 8
23 68 91
5 9 14
5 37 42
23 65 88
15 7 22
64 6 70
61 34 95
15 19 34
23 18 41
76 6 82
2 7 9
8 70 78
6 13 19
1 85 86
37 11 48
7 80 87
8 6 14
46 35 81
29 10 39
2 51 53
36 20 56
1 6 7
32 50 82
8 68 76
32 12 44
61 3 64
1 7 8
27 12 39
2 11 13
33 38 71
28 59 87
57 1 58
46 47 93
56 11 67
46 38 84
9 62 71
19 13 32
1 28 29
9 27 36
24 2 26
1 27 28
1 56 57
23 25 48
25 45 70
38 56 94
10 70 80
1 78 79
2 50 52
55 41 96
30 12 42
2 62 64
96 0 96
0 12 12
24 35 59
8 29 37
14 26 40
3 38 41
15 24 39
29 32 61
62 33 95
70 11 81
10 59 69
49 10 59
8 54 62
24 16 40
5 36 41
41 23 64
85 15 100
7 90 97
53 7 60
8 0 8
22 38 60
7 12 19
69 13 82
13 29 42
15 3 18
29 19 48
0 19 19
5 5 10
12 3 15
2 39 41
27 45 72
14 13 27
65 10 75
13 74 87
13 7 20
72 5 77
20 1 21
41 13 54
33 1 34
28 6 34
5 10 15
53 25 78
2 37 39
29 16 45
18 42 60
14 76 90
44 48 92
33 13 46
85 1 86
3 20 23
13 53 66
5 45 50
21 8 29
45 0 45
52 31 83
22 6 28
32 9 41
77 18 95
9 49 58
35 17 52
7 38 45
67 1 68
41 45 86
4 28 32
45 48 93
23 10 33
21 11 32
3 53 56
27 6 33
38 12 50
5 1 6
34 28 62
51 15 66
0 23 23
25 32 57
4 48 52
15 38 53
9 86 95
14 7 21
21 24 45
39 41 80
17 79 96
34 2 36
33 8 41
40 7 47
89 1 90
16 31 47
75 14 89
74 23 97
81 13 94
24 55 79
51 21 72
28 5 33
4 54 58
12 43 55
53 10 63
67 23 90
31 10 41
47 42 89
66 15 81
40 2 42
10 7 17
43 17 60
29 6 35
1 38 39
22 14 36
17 15 32
17 39 56
69 18 87
56 5 61
59 2 61
51 25 76
1 15 16
59 11 70
72 19 91
61 4 65
37 56 93
52 13 65
0 48 48
41 30 71
8 11 19
72 8 80
22 15 37
22 22 44
7 26 33
22 63 85
71 18 89
88 9 97
12 5 17
34 0 34
48 10 58
44 55 99
6 9 15
12 4 16
24 46 70
49 22 71
32 53 85
31 7 38
2 14 16
50 30 80
15 12 27
44 3 47
3 84 87
2 81 83
20 10 30
45 9 54
6 53 59
17 32 49
16 52 68
29 21 50
8 44 52
24 34 58
37 41 78
15 39 54
37 32 69
7 76 83
65 33 98
49 12 61
10 46 56
67 29 96
14 3 17
58 14 72
36 13 49
26 1 27
46 10 56
8 13 21
12 13 25
3 37 40
51 35 86
30 34 64
20 69 89
0 5 5
28 19 47
28 0 28
7 22 29
23 56 79
1 87 88
54 44 98
34 24 58
52 12 64
13 81 94
66 7 73
40 39 79
39 25 64
48 31 79
49 25 74
44 14 58
9 5 14
19 69 88
27 8 35
24 13 37
23 42 65
4 4 8
49 51 100
9 77 86
39 18 57
19 11 30
15 6 21
28 3 31
14 27 41
18 7 25
36 28 64
13 42 55
27 9 36
28 53 81
50 16 66
24 7 31
37 23 60
1 46 47
42 4 46
31 15 46
12 28 40
48 3 51
9 21 30
19 18 37
2 17 19
36 1 37
25 7 32
19 71 90
18 64 82
23 3 26
0 15 15
7 8 15
21 43 64
47 45 92
30 22 52
57 0 57
42 21 63
9 53 62
6 66 72
1 83 84
18 56 74
44 49 93
21 15 36
43 27 70
23 14 37
39 0 39
17 9 26
26 0 26
41 47 88
29 25 54
10 14 24
8 28 36
43 49 92
69 4 73
7 56 63
47 25 72
7 9 16
7 7 14
12 0 12
57 5 62
32 33 65
35 1 36
63 4 67
38 26 64
42 5 47
35 63 98
18 2 20
7 32 39
4 1 5
9 42 51
27 41 68
49 29 78
87 9 96
34 35 69
4 27 31
2 69 71
5 29 34
21 63 84
1 50 51
27 17 44
30 25 55
73 22 95
83 1 84
26 4 30
1 20 21
10 41 51
75 2 77
13 21 34
3 30 33
22 46 68
7 11 18
30 23 53
18 22 40
20 0 20
13 80 93
15 11 26
20 47 67
46 14 60
27 25 52
69 0 69
23 1 24
6 69 75
9 32 41
9 19 28
17 61 78
12 22 34
16 13 29
79 5 84
32 62 94
21 44 65
68 21 89
49 38 87
31 16 47
13 40 53
10 75 85
9 65 74
75 8 83
2 15 17
16 11 27
43 14 57
21 31 52
52 21 73
44 42 86
24 63 87
38 54 92
11 29 40
5 2 7
9 91 100
6 71 77
65 17 82
20 26 46
25 68 93
4 77 81
7 13 20
5 66 71
32 54 86
21 32 53
14 1 15
3 13 16
2 16 18
29 44 73
4 16 20
6 84 90
11 4 15
4 47 51
20 19 39
19 21 40
18 47 65
66 6 72
1 19 20
27 32 59
24 15 39
34 37 71
4 42 46
4 40 44
51 6 57
2 10 12
1 74 75
18 82 100
58 16 74
23 50 73
15 17 32
19 19 38
30 43 73
4 73 77
16 59 75
52 4 56
72 9 81
1 40 41
20 48 68
26 23 49
58 27 85
30 58 88
19 30 49
4 11 15
21 37 58
1 75 76